Teacher Information:
Teacher Name: Elmer J. Fudd 
Course Number: 2370	Course Name: Comp Prog Java 
Number of sections: 2
Total # of Scores: 103

  100   99   98   98   97   97   96   95   94   93   92   91
   90   89   88   87   86   85   84   83   82   81
   80   79   78   77   76   75   74   73   72   71
   70   69   68   67   66   65   64   63   62   61
   60   59   58   57   56   55   54   53   52   51
   50   49   48   47   46   45   44   43   42   41
   40   39   38   37   36   35   34   33   32   31
   30   29   28   27   26   25   24   23   22   21
   20   19   18   17   16   15   14   13   12   11
   10    9    8    7    6    5    4    3    2    1    0

A (90-100): 21	10.50%
B (80-89):   7	3.50%
C (70-79):   5	2.50%
D (60-69):   4	2.00%
F (0-59):    3	1.50%
