

Teacher Information:
Teacher Name: Elmer J. Fudd 
Course Number: 2440	Course Name: AP Calculus BC 
Number of sections: 1
Total # of Scores: 157

  100   99   99   99   98   98   97   97   97   96   96   96   96   96   95   95
   95   94   94   93   93   93   92   92   91   91   91   91
   90   89   89   89   89   88   88   87   86   86   86   86   86   85   85   84
   84   84   84   84   84   83   83   82   82   81   81
   80   79   79   78   78   77   77   77   76   76   76   75   74   73   73   73
   73   72   71
   70   69   68   67   67   66   65   65   64   63   63   62   61
   60   59   58   57   56   55   54   53   52   51
   50   49   48   47   46   45   45   44   43   42   42   41
   40   39   38   37   36   35   34   33   32   31
   30   29   28   27   26   25   24   23   22   21
   20   19   19   18   17   16   16   15   15   14   14   13   12   11
   10    9    8    7    6    5    5    4    3    2    1    0

A (90-100): 19	0.339286%
B (80-89): 15	0.267857%
C (70-79):  8	0.142857%
D (60-69):  3	0.053571%
F (0-59): 11	0.196429%
